78
77
78
78
78
78
78
78
78
78
79
79
79
79
80
80
81
81
81
82
82
82
83
83
84
84
85
85
86
87
87
88
88
89
90
90
91
92
93
94
95
96
97
98
99
100
102
103
104
106
107
109
111
112
114
116
118
120
122
124
126
129
132
135
138
141
145
148
151
156
160
164
169
174
180
185
192
199
206
214
223
233
244
255
268
283
299
318
339
363
391
425
465
513
572
648
747
884
1082
1398
1975
3379
11802
-7852
-2939
-1805
-1301
-1016
-833
-706
-612
-540
-483
-436
-398
-366
-339
-315
-295
-276
-260
-246
-233
-221
-211
-201
-193
-185
-177
-170
-164
-158
-152
-148
-143
-138
-134
-130
-126
-123
-119
-116
-113
-110
-107
-105
-103
-100
-98
-96
-94
-92
-90
-88
-86
-85
-83
-82
-80
-79
-77
-76
-75
-73
-72
-71
-70
-69
-68
-67
-66
-65
-64
-63
-62
-61
-60
-60
-59
-58
-58
-57
-56
-55
-55
-54
-53
-53
-52
-52
-51
-51
-50
-49
-49
-49
-48
-47
-47
-46
-46
-46
-45
-45
-44
-44
-44
-44
-43
-43
-42
-42
-42
-41
-41
-40
-40
-40
-40
-39
-39
-39
-39
-39
-38
-38
-38
-37
-37
-37
-37
-36
-36
-36
-36
-35
-35
-35
-34
-34
-34
-34
-34
-33
-33
-33
-33
-33
-33
-33
-32
-32
-32
-32
-32
-31
-31
-31
-31
-30
-30
-30
-30
-30
-30
-29
-30
-29
-29
-29
-29
-29
-28
-28
-28
-28
-28
-28
-28
-28
-27
-27
-27
-27
-27
-27
-27
-27
-27
-27
-26
-26
-26
-26
-26
-26
-26
-26
-26
-26
-26
-25
-25
-25
-25
-25
-25
-25
-25
-25
-25
-25
-25
-24
-24
-24
-25
-24
-24
-24
-24
-24
-24
-24
-23
-24
-24
-24
-23
-24
-23
-24
-23
-23
-23
-23
-23
-23
-23
-23
-23
-23
-23
-22
-23
-22
-22
-23
-22
-22
-22
-22
-22
-22
-22
-22
-22
-22
-22
-22
-22
-22
-22
-22
-22
-22
-21
-21
-21
-22
-21
-22
-21
-22
-21
-21
-21
-21
-21
-21
-21
-21
-21
-21
-21
-21
-21
-21
-21
-21
-20
-21
-21
-20
-21
-21
-21
-21
-20
-21
-20
-21
-21
-21
-20
-20
-20
-20
-21
-20
-20
-20
-20
-20
-20
-20
-20
-20
-20
-20
-20
-20
-20
-20
-20
-20
-20
-20
-20
-20
-20
-20
-20
-20
-20
-20
-20
-20
-20
-19
-20
-20
-20
-20
-20
-20
-20
-19
-20
-20
-20
-20
-19
-20
-20
-19
-19
-19
-19
-20
-19
-19
-19
-19
-20
-19
-19
-19
-19
-19
-20
-19
-19
-19
-19
-19
-20
-19
-19
-19
-19
-19
-19
-19
-19
-19
-19
-19
-19
-19
-19
-19
-19
-19
-19
-19
-19
-19
-19
-19
-19
-19
-19
-19
-19
-19
-19
-19
-19
-19
-19
-19
-19
-19
-19
-19
-19
-19
-19
-19
-19
-19
-19
-19
-19
-19
-19
-19
-19
-19
-19
-19
-19
-19
-19
-19
-19
-19
-19
-19
-19
-19
-19
-19
-19
-19
-19
-19
-19
-19
-19
-19
-20
-19
-19
-19
-19
-19
-19
-19
-19
-20
-19
-20
-19
-20
-19
-20
-20
-20
-19
-20
-20
-20
-19
-20
-20
-19
-19
-20
-20
-20
-19
-20
-20
-20
-20
-20
-20
-20
-20
-20
-20
-20
-20
-20
-20
-20
-20
-20
-20
-20
-20
-20
-20
-20
-20
-20
-20
-20
-20
-20
-20
-20
-20
-20
-20
-20
-20
-20
-20
-20
-21
-20
-20
-20
-21
-20
-20
-21
-21
-20
-21
-21
-21
-21
-20
-21
-21
-21
-21
-21
-21
-21
-21
-21
-21
-21
-21
-21
-21
-21
-22
-21
-22
-22
-21
-22
-22
-21
-21
-22
-22
-22
-22
-22
-22
-22
-22
-22
-22
-22
-22
-22
-22
-22
-23
-23
-22
-22
-23
-22
-22
-23
-23
-23
-23
-23
-23
-23
-23
-23
-23
-23
-23
-23
-23
-24
-23
-24
-24
-24
-24
-24
-24
-24
-24
-24
-24
-24
-25
-24
-25
-25
-25
-25
-25
-25
-25
-25
-25
-26
-25
-26
-26
-26
-26
-26
-26
-26
-26
-26
-26
-26
-27
-27
-26
-27
-27
-27
-27
-27
-27
-27
-28
-27
-28
-28
-28
-28
-28
-28
-29
-29
-29
-29
-29
-29
-29
-29
-30
-30
-30
-30
-30
-30
-31
-30
-31
-31
-31
-32
-32
-32
-32
-32
-32
-32
-33
-33
-33
-33
-33
-34
-34
-34
-34
-34
-34
-35
-35
-35
-35
-35
-36
-36
-36
-37
-37
-37
-37
-38
-38
-38
-38
-39
-39
-39
-40
-40
-40
-41
-41
-41
-42
-42
-43
-43
-44
-44
-44
-44
-45
-45
-46
-46
-47
-47
-48
-48
-48
-49
-50
-50
-51
-51
-52
-53
-53
-54
-54
-55
-56
-57
-57
-58
-58
-60
-60
-61
-62
-63
-63
-64
-65
-66
-67
-68
-69
-71
-72
-73
-74
-76
-77
-79
-79
-81
-83
-84
-86
-88
-90
-92
-93
-95
-98
-100
-102
-105
-107
-110
-113
-116
-119
-122
-126
-129
-133
-138
-143
-147
-152
-157
-164
-170
-177
-184
-192
-201
-210
-221
-232
-245
-260
-276
-294
-315
-338
-366
-397
-436
-482
-539
-612
-705
-833
-1016
-1300
-1804
-2938
-7851
11803
3379
1976
1398
1083
884
748
648
573
513
465
425
392
364
339
319
300
283
269
256
244
233
224
215
207
199
192
186
180
175
169
165
160
156
152
148
145
142
138
135
132
130
128
125
123
121
119
117
115
113
111
110
108
107
105
104
103
101
100
99
98
97
96
95
94
93
92
92
91
90
89
89
88
87
87
86
86
85
85
84
84
83
83
83
83
82
82
82
81
81
81
81
80
80
80
80
80
80
79
79
79
79
-2
7
13
14
8
-2
-11
-17
-16
-11
-2
8
14
14
8
-2
-11
-16
-16
-11
-1
8
14
14
8
-1
-11
-16
-16
-11
-1
8
14
14
8
-1
-11
-16
-16
-11
-1
8
14
14
8
-1
-11
-16
-16
-11
-1
8
14
14
8
-1
-11
-16
-16
-10
-1
8
14
14
9
-1
-11
-16
-16
-10
-1
9
14
15
9
-1
-10
-16
-16
-10
-1
9
14
14
8
-1
-10
-16
-16
-10
-1
9
14
15
8
-1
-10
-16
-16
-10
-1
9
14
15
9
-1
-10
-16
-16
-10
-1
9
14
15
9
-1
-10
-16
-16
-10
-1
9
14
14
8
-1
-10
-16
-16
-10
-1
9
14
15
9
-1
-10
-16
-16
-10
-1
9
14
15
9
-1
-10
-16
-16
-10
-1
9
14
15
9
-1
-10
-16
-16
-10
-1
9
14
15
9
-1
-10
-16
-16
-10
-1
9
15
15
8
-1
-10
-16
-16
-10
-1
9
15
15
8
-1
-10
-16
-16
-10
-1
9
14
15
9
-1
-11
-16
-16
-10
-1
9
14
15
8
-1
-11
-16
-16
-10
-1
8
14
15
8
-1
-10
-16
-16
-10
-1
9
14
15
8
-1
-10
-16
-16
-10
-1
9
14
15
8
-1
-10
-16
-16
-10
-1
9
14
14
8
-1
-10
-16
-16
-10
-1
8
14
15
8
-1
-10
-16
-16
-10
-1
9
15
15
9
0
-10
-15
-16
-10
-1
9
15
15
9
-1
-10
-16
-16
-10
0
9
15
15
9
-1
-10
-16
-16
-10
0
9
15
15
9
-1
-10
-16
-16
-10
0
9
15
15
9
-1
-10
-16
-16
-10
0
9
15
15
9
-1
-10
-16
-16
-10
-1
9
15
15
9
0
-10
-16
-16
-10
0
9
15
15
9
0
-10
-15
-16
-10
0
9
15
15
9
0
-10
-15
-16
-10
0
9
15
15
9
0
-10
-15
-16
-10
0
9
15
15
9
0
-10
-15
-16
-10
-1
9
15
15
9
0
-10
-15
-16
-10
0
9
15
15
9
-1
-10
-15
-16
-10
0
9
15
15
9
0
-10
-16
-16
-10
-1
9
15
15
9
0
-10
-16
-16
-10
-1
9
14
15
9
0
-10
-15
-16
-10
-1
9
15
15
9
0
-10
-15
-16
-10
0
9
15
15
9
0
-10
-15
-16
-10
0
9
15
15
9
0
-10
-15
-16
-10
0
9
15
15
9
0
-10
-15
-16
-10
0
9
15
15
9
0
-10
-16
-15
-10
0
9
15
15
9
0
-10
-16
-16
-10
0
9
15
15
9
0
-10
-16
-15
-10
0
9
15
15
9
0
-10
-16
-15
-10
0
9
15
15
9
0
-10
-16
-16
-10
0
9
15
15
9
0
-9
-16
-16
-10
0
9
15
15
9
0
-10
-16
-16
-9
0
9
15
15
9
0
-10
-15
-16
-9
0
9
15
15
9
0
-10
-15
-16
-9
0
9
15
15
9
0
-10
-15
-16
-9
0
9
15
15
9
0
-10
-15
-16
-9
0
9
15
15
9
0
-9
-16
-16
-10
0
9
15
15
9
0
-10
-16
-15
-10
0
9
15
15
9
0
-10
-16
-15
-10
0
9
15
15
9
0
-10
-16
-15
-10
-1
9
15
15
9
0
-10
-16
-15
-10
-1
9
15
15
9
0
-9
-16
-15
-10
0
9
15
15
9
0
-10
-16
-15
-10
0
9
15
15
9
0
-10
-16
-16
-10
-1
9
15
15
9
0
-9
-16
-15
-10
0
9
15
15
9
0
-9
-16
-15
-10
0
9
15
15
9
0
-9
-16
-15
-9
0
9
15
15
9
0
-10
-16
-15
-10
0
9
15
15
9
0
-10
-16
-15
-10
0
9
15
15
9
0
-10
-16
-16
-10
-1
9
15
15
9
0
-10
-16
-16
-10
0
9
15
15
9
0
-10
-16
-16
-10
0
9
15
15
9
0
-10
-16
-16
-10
-1
9
15
15
9
0
-10
-16
-16
-10
-1
9
15
15
9
0
-10
-15
-16
-10
0
9
15
15
9
0
-10
-15
-16
-10
0
9
15
15
9
-1
-10
-16
-16
-10
0
9
15
15
9
-1
-10
-16
-16
-10
-1
9
15
15
9
0
-10
-16
-16
-10
-1
9
15
15
9
0
-10
-16
-16
-10
-1
9
15
15
9
0
-10
-16
-16
-10
-1
9
15
15
9
0
-10
-16
-16
-10
-1
9
15
15
9
-1
-10
-16
-15
-10
0
9
15
15
9
-1
-10
-16
-15
-10
0
9
15
15
9
0
-9
-16
-15
-10
0
9
15
15
9
-1
-10
-16
-15
-10
0
9
15
15
9
0
-10
-16
-15
-10
0
9
15
15
9
-1
-10
-16
-15
-10
0
9
15
15
9
-1
-10
-16
-15
-10
0
9
15
15
9
0
-10
-16
-15
-10
0
9
15
15
9
-1
-9
-16
-16
-10
0
9
15
15
9
-1
-10
-16
-16
-10
0
9
15
15
9
-1
-10
-16
-16
-10
0
9
15
15
9
-1
-10
-16
-15
-10
0
9
15
15
9
-1
-10
-16
-16
-10
0
9
15
15
9
-1
-10
-16
-15
-10
0
9
15
15
9
-1
-9
-16
-15
-10
0
9
15
15
9
0
-9
-16
-15
-10
0
9
15
15
9
0
-10
-16
-16
-10
0
9
15
15
9
-1
-10
-16
-16
-10
0
9
15
15
9
-1
-10
-16
-15
-10
0
9
15
15
-2
-2
-1
-2
-1
-1
-1
-1
-1
-1
-1
-1
-1
-1
-1
-1
-1
-1
-1
-1
-1
-1
-1
-1
-1
-1
-1
-1
-1
-1
-1
-1
-1
-1
-1
-1
-1
-1
-1
-1
-1
-1
-1
-1
-1
-1
-1
-1
-1
-1
-1
-1
-1
-1
-1
-1
-1
-1
-1
-1
-1
-1
-1
-1
0
-1
0
-1
0
0
0
0
0
0
0
0
0
0
0
0
0
0
0
0
0
0
-1
-1
0
0
0
0
-1
0
-1
0
0
0
0
0
0
0
2
-3
-1
-1
-1
-1
-1
-1
-1
-1
-1
-1
-1
-1
-1
-1
-1
-1
-1
-1
-1
-1
-1
-1
-1
-1
0
-1
0
-1
0
0
0
0
0
0
0
0
0
-1
-1
0
-1
-1
0
-1
-1
-1
-1
-1
-1
-1
-1
-1
-1
-1
-1
-1
-1
-1
-1
-1
-1
0
-1
-1
0
0
-1
-1
-1
-1
-1
-1
-1
0
0
-1
-1
-1
-1
-1
-1
-1
-1
-1
-1
-1
-1
0
0
-1
0
-1
0
0
0
0
0
0
0
0
0
-1
-1
0
0
-1
-1
-1
-1
-1
0
-1
0
-1
-1
0
-1
-1
-1
-1
-1
-1
-1
-1
0
0
-1
-1
0
-1
-1
-1
0
-1
0
0
0
-1
0
-1
0
-1
0
-1
-1
-1
-1
-1
-1
-1
-1
-1
0
-1
0
0
0
0
0
0
0
0
0
0
0
0
0
0
0
0
0
0
0
0
0
0
0
0
0
0
0
0
0
0
0
0
-1
0
0
0
0
0
0
0
0
0
0
0
0
0
0
-1
-1
0
0
0
-1
0
0
0
0
0
0
0
0
0
0
0
0
0
0
0
0
0
0
0
0
0
0
0
0
0
0
0
0
0
0
0
-1
0
0
0
0
0
0
0
-1
0
0
0
-1
0
0
0
-1
0
0
0
0
0
0
0
0
0
0
0
0
0
0
0
-1
0
-1
-1
-1
-1
0
0
-1
-1
0
0
0
0
0
0
0
0
0
0
0
0
0
0
0
0
0
0
0
0
-1
0
0
0
0
0
0
0
0
0
0
0
0
0
0
0
-1
0
0
-1
-1
-1
-1
0
0
0
0
0
0
0
0
0
0
0
-1
0
-1
0
0
0
0
0
0
0
0
0
0
0
0
0
0
0
0
0
0
0
0
0
0
0
0
0
0
0
0
0
0
0
0
-1
0
0
0
0
-1
-1
0
0
-1
-1
0
0
-1
-1
0
0
-1
-1
0
0
0
0
0
0
0
0
0
0
0
0
0
0
0
-1
-1
0
0
-1
0
0
0
0
0
0
0
0
0
0
0
0
0
0
0
0
-1
0
0
0
-1
0
0
0
0
0
0
0
0
0
0
0
0
0
0
0
0
0
0
0
0
0
0
0
0
0
0
0
0
0
0
-1
0
0
0
0
0
0
0
0
0
0
0
0
0
0
0
0
0
0
0
0
0
0
0
0
0
0
0
0
0
0
0
0
0
0
-1
0
0
0
0
0
-1
0
0
0
0
0
0
0
0
0
0
0
0
0
0
0
0
0
0
0
0
0
0
-1
-1
0
0
0
0
-1
0
0
0
0
0
0
0
0
0
0
0
0
0
0
0
0
0
0
0
0
0
0
-1
0
0
-1
0
0
0
-1
-1
0
0
-1
0
-1
0
0
0
0
0
-1
0
0
-1
0
0
0
0
0
-1
0
0
0
0
0
0
0
-1
0
-1
-1
-1
-1
0
-1
0
0
0
0
0
0
0
0
0
0
0
0
0
0
0
0
0
0
0
0
0
-1
0
0
-1
0
0
-1
0
0
-1
0
0
-1
-1
-1
0
-1
0
-1
0
0
0
0
0
-1
0
0
0
0
0
0
0
-1
0
-1
0
0
0
0
-1
-1
0
0
0
-1
0
0
0
-1
0
0
0
0
0
0
0
0
0
0
0
0
0
0
0
0
0
0
0
0
-1
0
0
0
0
0
0
0
0
0
0
0
0
0
0
0
0
0
-1
0
0
0
0
0
0
0
0
-1
0
0
0
0
0
0
-1
0
0
0
0
0
0
0
0
0
0
0
0
0
0
0
0
0
0
0
0
-1
-1
0
-1
0
0
0
0
0
-1
-1
-1
-1
0
0
-1
0
0
0
0
0
0
0
0
0
-1
0
0
0
0
0
0
-1
0
0
0
0
0
0
0
0
0
0
0
-1
0
0
-1
0
0
0
0
-1
0
0
0
0
0
0
0
0
0
0
0
-1
-1
0
-1
-1
-1
-1
-1
-1
-1
-1
-1
-2
2
0
0
0
0
0
0
0
0
0
-1
0
0
0
0
0
0
0
0
0
0
0
0
0
0
0
0
-1
-1
0
0
0
0
0
0
0
0
0
0
0
0
0
0
0
0
0
0
0
0
0
0
0
0
0
0
0
0
0
0
0
0
-1
-1
0
0
0
0
0
-1
0
0
0
-1
0
0
0
0
-1
0
0
0
0
0
0
0
0
0
-1
0
0
0
0
-1
0
0
0
-1
0
0
-1
0
-1
38
38
38
38
38
38
39
38
39
39
39
39
39
39
39
39
40
40
40
40
40
41
41
41
41
42
42
42
42
43
43
43
44
44
44
45
45
46
46
47
47
48
48
48
49
50
50
51
52
52
53
54
55
56
56
57
58
59
60
62
63
64
65
67
69
70
72
74
76
78
79
82
84
87
89
92
95
99
102
107
111
116
121
127
134
141
149
158
169
181
195
212
232
256
286
324
373
441
541
698
987
1689
5901
-3927
-1470
-903
-651
-509
-417
-353
-306
-270
-242
-219
-199
-183
-170
-158
-148
-138
-130
-123
-117
-111
-106
-101
-97
-93
-89
-86
-82
-80
-77
-74
-72
-70
-67
-66
-64
-62
-60
-59
-57
-55
-55
-53
-52
-51
-49
-48
-47
-46
-45
-44
-43
-43
-42
-41
-41
-40
-39
-39
-38
-37
-36
-36
-35
-35
-34
-34
-33
-33
-32
-32
-31
-31
-31
-30
-30
-30
-29
-29
-29
-28
-28
-27
-27
-27
-27
-26
-26
-26
-26
-25
-25
-25
-24
-24
-24
-24
-23
-23
-23
-23
-23
-23
-22
-22
-22
-22
-22
-21
-21
-21
-21
-21
-21
-20
-20
-20
-20
-20
-20
-19
-19
-19
-19
-19
-19
-19
-19
-19
-18
-18
-18
-18
-18
-18
-18
-18
-18
-18
-17
-17
-17
-17
-17
-17
-17
-17
-16
-16
-16
-16
-16
-16
-16
-16
-16
-15
-15
-15
-15
-15
-15
-15
-15
-15
-15
-15
-15
-15
-14
-14
-15
-14
-14
-14
-14
-14
-14
-14
-14
-14
-14
-14
-13
-14
-13
-13
-13
-13
-13
-14
-13
-13
-13
-13
-13
-13
-13
-13
-13
-13
-13
-13
-13
-13
-13
-13
-13
-12
-13
-12
-12
-13
-12
-12
-12
-12
-12
-12
-12
-12
-12
-12
-12
-12
-12
-12
-12
-12
-12
-12
-12
-12
-12
-12
-12
-12
-12
-12
-11
-12
-11
-12
-12
-11
-11
-11
-11
-11
-11
-11
-11
-11
-11
-11
-11
-11
-11
-11
-11
-11
-11
-11
-11
-11
-11
-11
-11
-11
-11
-11
-11
-11
-11
-11
-11
-11
-11
-11
-11
-10
-11
-11
-10
-11
-11
-11
-10
-11
-10
-10
-11
-10
-10
-11
-11
-11
-10
-10
-11
-10
-11
-10
-10
-10
-10
-10
-10
-10
-10
-10
-10
-10
-10
-10
-10
-10
-10
-10
-10
-10
-10
-10
-10
-10
-10
-10
-10
-10
-10
-10
-10
-10
-10
-10
-10
-10
-10
-10
-10
-10
-10
-10
-10
-10
-10
-10
-10
-10
-10
-10
-10
-10
-10
-10
-10
-10
-10
-10
-10
-10
-10
-10
-10
-10
-10
-10
-10
-10
-10
-10
-10
-10
-10
-10
-10
-10
-10
-10
-10
-10
-10
-10
-10
-10
-10
-10
-10
-10
-10
-9
-10
-10
-10
-10
-9
-10
-10
-10
-10
-10
-10
-10
-10
-10
-10
-9
-10
-10
-10
-10
-10
-10
-9
-10
-10
-10
-10
-10
-10
-10
-10
-10
-10
-10
-10
-10
-10
-10
-10
-10
-10
-10
-10
-9
-10
-10
-10
-10
-10
-10
-10
-10
-10
-10
-10
-10
-10
-10
-10
-10
-10
-10
-10
-10
-10
-10
-10
-10
-10
-10
-10
-10
-10
-10
-10
-10
-10
-10
-10
-10
-10
-10
-10
-10
-10
-10
-10
-10
-10
-10
-10
-10
-10
-10
-10
-10
-10
-10
-10
-10
-10
-10
-10
-10
-10
-10
-10
-10
-10
-10
-10
-10
-10
-10
-10
-10
-10
-11
-10
-10
-10
-10
-10
-10
-10
-10
-10
-10
-10
-10
-11
-11
-10
-10
-10
-10
-10
-10
-10
-11
-10
-10
-11
-11
-11
-10
-10
-11
-11
-11
-11
-11
-11
-11
-11
-11
-11
-11
-11
-11
-11
-11
-11
-11
-11
-11
-11
-11
-11
-11
-11
-11
-11
-11
-11
-11
-11
-11
-11
-11
-11
-11
-11
-12
-11
-11
-11
-11
-11
-11
-11
-12
-12
-12
-12
-12
-12
-12
-12
-12
-12
-12
-12
-12
-12
-12
-12
-12
-12
-12
-12
-12
-12
-12
-12
-12
-13
-12
-12
-13
-13
-12
-13
-13
-12
-13
-12
-13
-13
-13
-13
-13
-13
-13
-13
-13
-13
-13
-13
-13
-13
-13
-13
-14
-14
-13
-14
-14
-14
-14
-14
-14
-14
-14
-14
-14
-14
-15
-15
-15
-14
-15
-15
-15
-15
-15
-15
-15
-15
-15
-15
-15
-15
-15
-16
-16
-16
-16
-16
-16
-16
-16
-16
-16
-16
-17
-17
-17
-17
-17
-17
-17
-17
-17
-17
-17
-18
-18
-18
-18
-18
-18
-18
-19
-19
-19
-19
-19
-19
-19
-20
-20
-20
-20
-20
-20
-21
-21
-21
-21
-21
-22
-22
-22
-22
-22
-22
-23
-23
-23
-23
-23
-23
-24
-24
-24
-25
-25
-25
-25
-26
-26
-26
-26
-27
-27
-27
-27
-28
-28
-29
-29
-29
-30
-30
-31
-31
-32
-32
-33
-33
-33
-34
-34
-35
-35
-36
-36
-37
-38
-39
-39
-40
-41
-42
-42
-43
-44
-45
-46
-47
-48
-49
-50
-51
-53
-54
-55
-57
-58
-59
-61
-63
-65
-67
-69
-71
-74
-76
-79
-82
-85
-89
-92
-96
-101
-106
-111
-116
-123
-130
-138
-147
-157
-169
-183
-199
-219
-241
-270
-306
-353
-417
-508
-650
-902
-1469
-3926
5901
1690
988
699
541
442
374
324
286
256
233
212
196
182
170
159
150
142
134
127
122
116
112
107
103
99
96
93
90
87
84
82
80
78
76
74
72
70
69
67
66
65
63
62
61
60
59
58
57
57
56
55
54
53
53
52
51
50
50
49
49
48
48
47
47
47
46
45
45
45
44
44
44
43
43
43
43
42
42
42
42
42
41
41
41
41
41
41
41
40
40
40
40
40
40
40
40
40
39
40
40
39
-484
19104
31096
31077
19234
-48
-19249
-31184
-31171
-19300
8
19274
31138
31135
19227
15
-19286
-31160
-31145
-19256
-9
19229
31164
31157
19250
4
-19259
-31164
-31169
-19261
17
19248
31165
31139
19264
-6
-19261
-31168
-31156
-19250
-12
19275
31183
31165
19258
-6
-19274
-31150
-31179
-19269
-7
19261
31149
31156
19244
-10
-19252
-31147
-31170
-19257
-5
19265
31180
31155
19261
12
-19271
-31146
-31171
-19290
5
19280
31148
31173
19278
1
-19268
-31137
-31142
-19257
-6
19274
31172
31147
19260
5
-19270
-31152
-31171
-19276
15
19257
31171
31155
19270
-1
-19263
-31163
-31124
-19262
-17
19276
31152
31169
19251
9
-19242
-31155
-31152
-19253
3
19290
31179
31157
19249
-1
-19245
-31169
-31169
-19244
-3
19264
31149
31181
19262
-5
-19236
-31145
-31137
-19265
-10
19259
31161
31160
19281
6
-19271
-31153
-31157
-19258
-12
19239
31185
31165
19259
4
-19268
-31146
-31177
-19257
3
19260
31163
31158
19263
-5
-19239
-31144
-31174
-19270
-5
19265
31153
31150
19269
2
-19244
-31164
-31173
-19254
4
19270
31188
31173
19241
11
-19247
-31147
-31155
-19266
21
19277
31176
31146
19256
24
-19246
-31161
-31166
-19261
7
19265
31152
31166
19247
14
-19258
-31147
-31182
-19267
23
19254
31177
31169
19235
9
-19256
-31164
-31163
-19257
6
19258
31168
31167
19253
-15
-19254
-31165
-31173
-19244
-2
19252
31159
31143
19265
-7
-19284
-31168
-31165
-19287
-37
19241
31165
31179
19262
3
-19263
-31166
-31169
-19277
13
19243
31159
31175
19244
8
-19258
-31170
-31157
-19269
-11
19249
31170
31153
19242
-10
-19265
-31154
-31165
-19266
0
19265
31160
31167
19285
5
-19229
-31173
-31147
-19254
7
19261
31159
31166
19261
1
-19280
-31176
-31147
-19250
-7
19269
31182
31143
19267
-4
-19273
-31152
-31168
-19271
-3
19256
31168
31163
19261
-4
-19241
-31169
-31168
-19253
4
19267
31165
31127
19236
8
-19249
-31149
-31156
-19259
-1
19263
31166
31149
19271
8
-19266
-31158
-31153
-19255
11
19266
31163
31178
19257
6
-19245
-31154
-31158
-19263
-3
19248
31155
31185
19264
30
-19266
-31157
-31167
-19256
-1
19274
31152
31166
19261
-8
-19263
-31171
-31163
-19267
-14
19250
31161
31148
19252
-10
-19256
-31163
-31159
-19248
3
19258
31166
31174
19262
-2
-19268
-31163
-31162
-19252
18
19265
31145
31171
19261
11
-19248
-31184
-31156
-19273
4
19247
31162
31172
19231
-10
-19266
-31154
-31171
-19256
2
19267
31160
31145
19259
-1
-19243
-31160
-31166
-19264
-9
19271
31165
31182
19260
-6
-19259
-31163
-31168
-19252
-18
19248
31171
31155
19262
-8
-19248
-31174
-31168
-19259
-1
19252
31179
31163
19256
1
-19252
-31157
-31184
-19276
0
19256
31154
31170
19270
5
-19256
-31158
-31163
-19265
0
19255
31161
31184
19253
2
-19275
-31167
-31136
-19272
-11
19257
31172
31148
19266
-7
-19254
-31172
-31164
-19245
-10
19273
31168
31158
19244
2
-19265
-31156
-31155
-19255
-1
19264
31162
31143
19269
7
-19254
-31162
-31144
-19273
-13
19268
31166
31155
19262
-14
-19266
-31146
-31169
-19266
6
19236
31153
31157
19269
14
-19265
-31177
-31147
-19254
6
19267
31175
31157
19255
12
-19240
-31137
-31161
-19255
-12
19262
31170
31166
19280
-5
-19274
-31166
-31159
-19252
1
19266
31140
31162
19262
17
-19259
-31175
-31158
-19264
7
19242
31153
31177
19262
-5
-19272
-31148
-31183
-19248
3
19285
31147
31170
19259
3
-19250
-31166
-31165
-19262
14
19264
31182
31171
19273
-3
-19246
-31160
-31170
-19242
-3
19269
31189
31173
19273
16
-19268
-31182
-31162
-19261
-10
19265
31157
31159
19234
-5
-19259
-31152
-31147
-19266
-13
19256
31163
31182
19258
9
-19248
-31173
-31162
-19247
8
19259
31162
31158
19270
13
-19250
-31149
-31152
-19258
5
19266
31169
31179
19267
11
-19256
-31159
-31185
-19243
12
19262
31173
31160
19254
-11
-19277
-31163
-31140
-19257
-8
19267
31157
31170
19253
-3
-19237
-31147
-31147
-19265
25
19248
31161
31190
19269
-5
-19256
-31159
-31166
-19253
1
19259
31154
31159
19279
12
-19239
-31150
-31139
-19259
5
19268
31158
31165
19285
-7
-19267
-31154
-31196
-19258
7
19255
31163
31154
19279
22
-19251
-31161
-31147
-19254
-2
19266
31173
31165
19277
10
-19269
-31166
-31170
-19268
3
19266
31146
31154
19258
-3
-19249
-31163
-31163
-19271
-5
19262
31183
31191
19264
-6
-19246
-31168
-31148
-19279
-8
19259
31151
31149
19290
-2
-19279
-31168
-31176
-19253
-12
19259
31163
31156
19267
-1
-19265
-31171
-31172
-19264
3
19267
31188
31156
19256
-5
-19277
-31149
-31166
-19265
-21
19268
31180
31182
19245
-7
-19271
-31127
-31160
-19262
-9
19233
31165
31163
19261
3
-19256
-31149
-31153
-19252
-1
19259
31149
31173
19271
3
-19268
-31172
-31164
-19260
13
19263
31161
31161
19246
-9
-19272
-31160
-31169
-19268
-19
19266
31160
31165
19260
-7
-19243
-31175
-31179
-19267
-21
19246
31153
31171
19269
2
-19243
-31151
-31168
-19262
1
19262
31165
31151
19252
13
-19257
-31172
-31175
-19250
-8
19265
31173
31168
19274
-9
-19247
-31154
-31169
-19253
0
19259
31160
31175
19243
-3
-19258
-31160
-31161
-19257
18
19243
31161
31177
19272
19
-19267
-31156
-31162
-19266
-1
19249
31155
31150
19287
-10
-19265
-31168
-31159
-19268
-4
19249
31165
31168
19267
7
-19274
-31140
-31162
-19271
9
19264
31175
31142
19258
-8
-19263
-31162
-31185
-19249
21
19257
31160
31154
19259
-10
-19256
-31174
-31160
-19257
13
19242
31159
31168
19248
10
-19290
-31184
-31176
-19257
2
19266
31162
31167
19259
-5
-19269
-31167
-31166
-19266
10
19261
31154
31169
19248
-10
-19275
-31160
-31142
-19248
-13
19260
31160
31145
19250
-25
-19255
-31157
-31159
-19268
0
19234
31161
31159
19259
-6
-19258
-31176
-31179
-19263
-10
19244
31158
31182
19267
3
-19258
-31172
-31184
-19264
-6
19255
31161
31172
19259
-11
-19270
-31157
-31178
-19275
10
19262
31148
31156
19260
-16
-19266
-31173
-31152
-19242
3
19261
31174
31169
19257
-20
-19251
-31168
-31143
-19247
-10
19248
31155
31157
19262
8
-19252
-31169
-31168
-19238
-16
19265
31176
31177
19252
-6
-19252
-31160
-31157
-19298
3
19269
31149
31136
19258
-13
-19251
-31159
-31172
-19236
-44
19261
31151
31158
19250
-13
-19284
-31180
-31186
-19266
-17
19228
31164
31130
19235
-15
-19295
-31180
-31185
-19239
-27
19264
31142
31141
19231
-55
-19295
-31218
-31198
-19349
-51
19195
31058
30944
16050
15934
15993
16008
16157
28372
17413
-9116
16588
19450
-7361
551
17333
-24804
-6373
-19206
18406
18717
-21611
11757
-20488
-15194
9277
-26669
3408
22088
25830
-3293
-17437
18064
-32022
-8150
26246
26970
-22775
-2924
32403
-1154
-18805
22044
4706
-16334
13652
2920
19344
28561
20972
-25850
-22940
-21513
-31745
-28011
-28170
23462
15466
-12099
-6486
15371
-29272
-25536
18983
19963
-90
-13225
10963
14162
17540
21099
24909
4427
7295
-23686
-2442
974
7014
-25987
-25335
-15224
73
26416
31817
-29654
3309
4628
26791
-7707
-21217
-24868
-13234
-14387
21861
16198
-25471
20232
12909
933
6309
28193
4974
-11993
6582
19564
-18365
-25613
22545
-4287
31629
5912
7364
-16057
-28994
13340
-2430
-21498
-23259
24060
-25147
-11457
-7439
19420
-3758
11946
-27522
18808
-30541
11532
4796
-18471
16037
23055
29539
-29972
-24370
-21464
16352
5587
2659
10344
-5120
3144
17606
-24389
100
-27377
10432
32262
16849
-9860
20775
-15616
-6039
12968
10001
27516
1813
31722
14125
-15226
29416
356
25556
7733
-18414
-1126
11541
-30302
2836
-16457
-9581
11215
12682
-8953
4969
-20972
-28982
-27008
-14891
-14068
-1633
23689
-18327
8589
8027
21758
26516
-1797
-17791
32111
-5886
-13640
-25865
16890
15044
15585
16114
16613
17113
12740
5137
90
-16047
-27526
367
-1983
32019
6833
-26969
20997
-26945
-2372
-17584
-21538
-1390
-15851
7930
28876
-4936
18268
14955
23801
-10373
13826
11594
-9237
-2543
19899
2983
25140
22040
-31389
15848
-13403
16774
-31435
-8498
-16168
-32470
15162
-14034
13193
26416
-12650
7344
-27509
-30958
21116
-21949
-7520
8761
-15112
21964
4450
870
24550
2805
28570
-31163
-30999
-30851
-30696
-30528
-17477
-30847
-32224
-29937
1896
-9173
27568
-29359
-11684
-6772
-28810
-28835
-28697
-24162
3497
-11049
14170
-30706
-18060
-29139
-27332
-21149
-22689
7611
-21514
-23629
-7432
-26974
-26867
-7725
-1066
27805
-5075
19227
26493
31640
24973
19769
23577
-24626
1268
-18984
-11889
-25472
-25384
-8182
11370
-28786
-27911
-24714
-4424
-19054
-16513
-30280
-4527
-25488
-490
20653
28101
-24248
-24171
-24134
-24047
-23976
-6083
27075
13489
11346
-20674
23277
-21252
-7614
-26845
-1247
6847
-12363
-26507
24296
-9666
-4590
-24573
30112
18882
-11454
25376
-15001
30217
21996
32680
-17434
7504
-24356
7823
13357
-18005
5251
-12529
13408
3267
4080
-22151
-9316
-11431
29037
-10000
31439
-866
-23079
-12174
1913
32447
-12461
-30313
-14288
27041
-3820
28269
-13622
-9415
1073
-20296
13824
-28259
-21122
-21090
-21048
-21033
-20998
24584
-27534
227
-28816
-15543
11094
4167
-28705
27777
-13379
-16248
-9399
9826
-13419
18038
8423
-17431
2084
-5517
28594
4533
-5231
17490
13251
31148
16405
-28340
22801
-23513
-20958
17756
-21151
-8816
-6778
7613
-22706
-26366
13517
1800
21743
-23075
-9877
-5293
15161
-11959
16665
-19034
3483
-2428
28382
-27915
-2695
-21138
21803
3819
-7541
27234
-17592
-1065
-19685
-19672
-19660
-19648
-19631
6747
-4123
-2923
25593
25615
17894
3288
-20705
-18390
-27075
-18377
19795
-24479
-8559
114
-16076
-6372
-22037
-24860
-12695
-6380
26158
13374
28729
15203
-5022
8014
732
-1316
13498
31618
1880
-17449
10413
-559
-27192
-23845
25300
27747
-29559
-7842
-29472
11904
5797
-5072
-28256
20608
27192
21175
10996
20224
-9240
7773
-14518
-11948
-4923
10623
-8312
-31280
-19260
-19252
-19267
-19250
-19259
-5056
16043
-15396
-19268
-10306
32245
6077
-19271
16852
25531
-28386
-19282
-19279
-14419
-17787
-30864
-8756
-5461
2329
4500
5514
-18102
-26609
-32131
-18718
10312
11802
-19358
-19360
-4533
-13598
-10983
10998
9017
3650
-6026
-4844
4396
-2584
-9862
-9671
-13290
-21466
-19498
-19517
39
-7219
16864
5302
-13628
-12297
-17928
-3851
-2818
-30804
28801
24661
-28414
-23179
-19685
-19696
-19724
-19721
-19743
28075
-30023
-21808
25366
-13152
9706
-21501
-21031
-30034
-17277
-27494
19351
-1926
-11727
-8274
16467
-25219
-14899
-18422
-25776
-31137
20911
-29924
-28703
-26616
13291
14185
-24245
-26325
9078
-17807
-26242
-19824
-32179
-31257
-20409
-4105
-27175
-30996
16244
-12679
12752
-20984
1380
-24888
-21739
30926
-19719
-20905
-22083
5932
-8154
4092
24706
14458
3939
-29204
-13174
29649
-21121
-21145
-21159
-21220
-21256
-1500
1796
-28525
-29333
4254
-22792
24446
-29490
26741
7440
22735
-10452
-29690
-5833
10438
3435
-2304
10103
16390
-11263
-16624
9541
-3970
5805
32402
-4298
5166
4748
23887
-19884
14212
25729
18230
13504
22257
-22755
18939
-9644
22211
30631
-28176
3764
3206
-4041
-4086
-18919
2151
24289
-5575
10271
29834
-674
-5691
-3823
27405
-13956
21410
10333
13776
-24248
-24323
-24380
-24465
-24527
20490
-32477
-12814
10219
-20464
26937
4163
-9295
11999
-1909
24615
-14603
-476
9348
2724
20266
3073
20180
11244
-16652
3138
-30073
-14451
3637
-32758
2338
8407
3095
-30417
-11429
-32170
19002
30975
-12218
-14223
-30142
-7863
-13896
-23954
-2628
-9762
836
-28069
-23846
-23074
24616
29881
8440
-1132
-24905
-13372
-6465
11308
15344
6874
10560
-13816
12499
-6846
-31163
-31339
-31495
-31678
-31842
-24979
-32137
-22876
-32551
21364
-3127
-6272
32221
6196
-17742
15206
31407
31199
12768
9617
-26507
-2056
-12578
14640
-24369
27650
18021
-23885
24933
24008
911
-23480
27530
27253
9801
-7024
-18921
-30005
24117
-21367
4728
12865
-23813
-26861
19804
2266
2494
-27539
22322
21946
-12488
-16000
21464
-27885
12436
2772
19580
-16983
-25170
-5661
-3948
-23858
22199
20095
15046
14505
13946
13357
12758
2577
16089
-13687
-24814
31508
-4869
-21964
18724
-25257
-5833
-1473
20583
-4445
6346
-7544
-1424
-13829
25712
20364
-24184
-17112
3089
-6051
14522
-12516
-4094
-310
32172
-12607
8579
11789
-9943
31557
19796
-14641
-26972
-31233
31482
-3417
10899
7584
5715
28498
-31227
-17736
-12799
6331
10067
-23897
10258
28503
-20424
11493
-8638
-5395
-24835
14664
12998
-26259
16038
8468
232
-8735
-18528
3264
-15782
15395
4514
-9131
-13526
10415
-10255
5487
20243
-1034
19595
7542
667
5684
25203
-17781
-30256
1007
1460
12271
23269
-20670
30571
-24764
27529
2414
2315
12337
-28416
18306
-3815
-8180
4474
-15873
6858
4088
10273
19114
-9275
2967
-16937
-24393
-2377
15693
-8961
-15314
21295
-6522
27104
6315
-24483
-5502
-13249
-10495
-24253
11792
-13416
20959
10965
7946
5106
2364
-183
-7277
5451
-26293
11099
30735
13370
16004
22837
-27866
-10395
-2315
-23827
-19333
25459
-27876
-30380
26022
28243
16336
-10869
18010
26684
-19292
-6713
-23467
-5118
-22968
6164
18790
-32360
13196
-16826
-27321
-8855
29221
3396
5183
10890
-20549
-7487
-22982
-23594
21632
-6667
-23236
13500
-17192
-29814
11645
9602
5332
-7484
-22993
8950
-23712
24345
-10549
18468
17760
-2
7
13
14
8
-2
-11
-17
-16
-11
-2
8
14
14
8
-2
-11
-16
-16
-11
-1
8
14
14
8
-1
-11
-16
-16
-11
-1
8
14
14
8
-1
-11
-16
-16
-11
-1
8
14
14
8
-1
-11
-16
-16
-11
-1
8
14
14
8
-1
-11
-16
-16
-10
-1
8
14
14
9
-1
-11
-16
-16
-10
-1
9
14
15
9
-1
-10
-16
-16
-10
-1
9
14
14
8
-1
-10
-16
-16
-10
-1
9
14
15
8
-1
-10
-16
-16
-10
-1
9
14
15
9
-1
-10
-16
-16
-10
-1
9
14
15
9
-1
-10
-16
-16
-10
-1
9
14
14
8
-1
-10
-16
-16
-10
-1
9
14
15
9
-1
-10
-16
-16
-10
-1
9
14
15
9
-1
-10
-16
-16
-10
-1
9
14
15
9
-1
-10
-16
-16
-10
-1
9
14
15
9
-1
-10
-16
-16
-10
-1
9
15
15
8
-1
-10
-16
-16
-10
-1
9
15
15
8
-1
-10
-16
-16
-10
-1
9
14
15
9
-1
-11
-16
-16
-10
-1
9
14
15
8
-1
-11
-16
-16
-10
-1
8
14
15
8
-1
-10
-16
-16
-10
-1
9
14
15
8
-1
-10
-16
-16
-10
-1
9
14
15
8
-1
-10
-16
-16
-10
-1
9
14
14
8
-1
-10
-16
-16
-10
-1
8
14
15
8
-1
-10
-16
-16
-10
-1
9
15
15
9
0
-10
-15
-16
-10
-1
9
15
15
9
-1
-10
-16
-16
-10
0
9
15
15
9
-1
-10
-16
-16
-10
0
9
15
15
9
-1
-10
-16
-16
-10
0
9
15
15
9
-1
-10
-16
-16
-10
0
9
15
15
9
-1
-10
-16
-16
-10
-1
9
15
15
9
0
-10
-16
-16
-10
0
9
15
15
9
0
-10
-15
-16
-10
0
9
15
15
9
0
-10
-15
-16
-10
0
9
15
15
9
0
-10
-15
-16
-10
0
9
15
15
9
0
-10
-15
-16
-10
-1
9
15
15
9
0
-10
-15
-16
-10
0
9
15
15
9
-1
-10
-15
-16
-10
0
9
15
15
9
0
-10
-16
-16
-10
-1
9
15
15
9
0
-10
-16
-16
-10
-1
9
14
15
9
0
-10
-15
-16
-10
-1
9
15
15
9
0
-10
-15
-16
-10
0
9
15
15
9
0
-10
-15
-16
-10
0
9
15
15
9
0
-10
-15
-16
-10
0
9
15
15
9
0
-10
-15
-16
-10
0
9
15
15
9
0
-10
-16
-15
-10
0
9
15
15
9
0
-10
-16
-16
-10
0
9
15
15
9
0
-10
-16
-15
-10
0
9
15
15
9
0
-10
-16
-15
-10
0
9
15
15
9
0
-10
-16
-16
-10
0
9
15
15
9
0
-9
-16
-16
-10
0
9
15
15
9
0
-10
-16
-16
-9
0
9
15
15
9
0
-10
-15
-16
-9
0
9
15
15
9
0
-10
-15
-16
-9
0
9
15
15
9
0
-10
-15
-16
-9
0
9
15
15
9
0
-10
-15
-16
-9
0
9
15
15
9
0
-9
-16
-16
-10
0
9
15
15
9
0
-10
-16
-15
-10
0
9
15
15
9
0
-10
-16
-15
-10
0
9
15
15
9
0
-10
-16
-15
-10
-1
9
15
15
9
0
-10
-16
-15
-10
-1
9
15
15
9
0
-9
-16
-15
-10
0
9
15
15
9
0
-10
-16
-15
-10
0
9
15
15
9
0
-10
-16
-16
-10
-1
9
15
15
9
0
-9
-16
-15
-10
0
9
15
15
9
0
-9
-16
-15
-10
0
9
15
15
9
0
-9
-16
-15
-9
0
9
15
15
9
0
-10
-16
-15
-10
0
9
15
15
9
0
-10
-16
-15
-10
0
9
15
15
9
0
-10
-16
-16
-10
-1
9
15
15
9
0
-10
-16
-16
-10
0
9
15
15
9
0
-10
-16
-16
-10
0
9
15
15
9
0
-10
-16
-16
-10
-1
9
15
15
9
0
-10
-16
-16
-10
-1
9
15
15
9
0
-10
-15
-16
-10
0
9
15
15
9
0
-10
-15
-16
-10
0
9
15
15
9
-1
-10
-16
-16
-10
0
9
15
15
9
-1
-10
-16
-16
-10
-1
9
15
15
9
0
-10
-16
-16
-10
-1
9
15
15
9
0
-10
-16
-16
-10
-1
9
15
15
9
0
-10
-16
-16
-10
-1
9
15
15
9
0
-10
-16
-16
-10
-1
9
15
15
9
-1
-10
-16
-15
-10
0
9
15
15
9
-1
-10
-16
-15
-10
0
9
15
15
9
0
-9
-16
-15
-10
0
9
15
15
9
-1
-10
-16
-15
-10
0
9
15
15
9
0
-10
-16
-15
-10
0
9
15
15
9
-1
-10
-16
-15
-10
0
9
15
15
9
-1
-10
-16
-15
-10
0
9
15
15
9
0
-10
-16
-15
-10
0
9
15
15
9
-1
-9
-16
-16
-10
0
9
15
15
9
-1
-10
-16
-16
-10
0
9
15
15
9
-1
-10
-16
-16
-10
0
9
15
15
9
-1
-10
-16
-15
-10
0
9
15
15
9
-1
-10
-16
-16
-10
0
9
15
15
9
-1
-10
-16
-15
-10
0
9
15
15
9
-1
-9
-16
-15
-10
0
9
15
15
9
0
-9
-16
-15
-10
0
9
15
15
9
0
-10
-16
-16
-10
0
9
15
15
9
-1
-10
-16
-16
-10
0
9
15
15
9
-1
-10
-16
-15
-10
0
9
15
15
